[[167  31]]
[[168  30]]
[[174  30]]
[[175  31]]
[[179  31]]
[[180  32]]
[[181  32]]
[[182  33]]
[[184  33]]
[[185  34]]
[[186  34]]
[[187  35]]
[[188  35]]
[[189  36]]
[[190  36]]
[[191  37]]
[[192  37]]
[[193  38]]
[[194  38]]
[[196  40]]
[[197  40]]
[[198  41]]
[[199  41]]
[[200  42]]
[[201  42]]
[[203  44]]
[[204  44]]
[[205  45]]
[[206  45]]
[[208  47]]
[[209  47]]
[[212  50]]
[[213  50]]
[[219  56]]
[[220  56]]
[[223  59]]
[[224  59]]
[[233  68]]
[[234  68]]
[[240  74]]
[[241  74]]
[[244  77]]
[[244  78]]
[[245  78]]
[[258  91]]
[[258  92]]
[[259  92]]
[[261  94]]
[[261  95]]
[[267 101]]
[[267 102]]
[[270 105]]
[[270 106]]
[[274 110]]
[[274 111]]
[[276 113]]
[[276 114]]
[[280 118]]
[[280 119]]
[[282 121]]
[[282 122]]
[[285 125]]
[[285 126]]
[[288 129]]
[[288 130]]
[[291 133]]
[[291 134]]
[[294 137]]
[[294 138]]
[[297 141]]
[[297 142]]
[[301 146]]
[[301 147]]
[[302 148]]
[[302 149]]
[[306 153]]
[[306 154]]
[[308 156]]
[[309 156]]
[[310 157]]
[[309 158]]
[[313 162]]
[[313 163]]
[[318 168]]
[[318 169]]
[[320 171]]
[[320 172]]
[[323 175]]
[[323 176]]
[[325 178]]
[[325 179]]
[[328 182]]
[[328 183]]
[[330 185]]
[[330 186]]
[[332 188]]
[[332 183]]
[[334 181]]
[[334 180]]
[[333 179]]
[[334 178]]
[[335 178]]
[[336 177]]
[[337 178]]
[[323 164]]
[[323 163]]
[[319 159]]
[[319 158]]
[[316 155]]
[[316 154]]
[[314 152]]
[[314 151]]
[[313 150]]
[[313 149]]
[[312 148]]
[[312 147]]
[[310 145]]
[[310 143]]
[[309 142]]
[[309 141]]
[[308 140]]
[[308 139]]
[[306 137]]
[[306 136]]
[[303 133]]
[[303 132]]
[[301 130]]
[[301 128]]
[[302 127]]
[[306 131]]
[[306 132]]
[[308 134]]
[[308 135]]
[[310 137]]
[[310 138]]
[[311 139]]
[[311 140]]
[[312 141]]
[[312 142]]
[[313 143]]
[[313 144]]
[[314 145]]
[[314 147]]
[[316 149]]
[[316 150]]
[[317 151]]
[[317 152]]
[[319 154]]
[[319 155]]
[[322 158]]
[[322 159]]
[[325 162]]
[[325 163]]
[[326 163]]
[[327 164]]
[[327 165]]
[[331 169]]
[[332 169]]
[[334 171]]
[[334 172]]
[[335 172]]
[[337 174]]
[[337 175]]
[[345 175]]
[[346 176]]
[[346 177]]
[[347 178]]
[[347 179]]
[[348 180]]
[[348 182]]
[[347 183]]
[[348 183]]
[[348 182]]
[[349 181]]
[[349 180]]
[[350 179]]
[[350 178]]
[[351 177]]
[[352 177]]
[[353 178]]
[[352 179]]
[[353 178]]
[[353 177]]
[[355 175]]
[[355 174]]
[[356 173]]
[[356 172]]
[[358 170]]
[[358 169]]
[[359 168]]
[[359 167]]
[[360 166]]
[[360 165]]
[[361 164]]
[[361 163]]
[[362 162]]
[[362 161]]
[[363 160]]
[[363 159]]
[[364 158]]
[[364 157]]
[[365 156]]
[[365 154]]
[[366 153]]
[[366 151]]
[[367 150]]
[[367 148]]
[[368 147]]
[[368 144]]
[[369 143]]
[[369 126]]
[[370 125]]
[[370 124]]
[[371 123]]
[[372 123]]
[[373 124]]
[[373 129]]
[[372 130]]
[[372 142]]
[[371 143]]
[[371 146]]
[[370 147]]
[[370 149]]
[[369 150]]
[[369 152]]
[[368 153]]
[[368 155]]
[[367 156]]
[[367 158]]
[[366 159]]
[[366 160]]
[[365 161]]
[[365 162]]
[[364 163]]
[[364 164]]
[[363 165]]
[[363 166]]
[[361 168]]
[[361 169]]
[[360 170]]
[[360 171]]
[[359 172]]
[[359 173]]
[[358 174]]
[[359 173]]
[[359 172]]
[[362 169]]
[[362 168]]
[[364 166]]
[[364 165]]
[[367 162]]
[[367 161]]
[[370 158]]
[[370 157]]
[[373 154]]
[[373 153]]
[[375 151]]
[[375 150]]
[[377 148]]
[[377 147]]
[[379 145]]
[[379 144]]
[[381 142]]
[[381 141]]
[[384 138]]
[[384 137]]
[[386 135]]
[[386 134]]
[[388 132]]
[[388 131]]
[[389 130]]
[[389 129]]
[[391 127]]
[[391 126]]
[[394 123]]
[[394 122]]
[[395 121]]
[[395 120]]
[[398 117]]
[[398 116]]
[[400 114]]
[[400 113]]
[[402 111]]
[[402 110]]
[[405 107]]
[[405 106]]
[[407 104]]
[[407 103]]
[[410 100]]
[[410  99]]
[[413  96]]
[[413  95]]
[[418  90]]
[[418  89]]
[[427  80]]
[[427  79]]
[[435  71]]
[[436  71]]
[[443  64]]
[[444  64]]
[[447  61]]
[[448  61]]
[[452  57]]
[[453  57]]
[[456  54]]
[[457  54]]
[[460  51]]
[[461  51]]
[[462  50]]
[[463  50]]
[[465  48]]
[[466  48]]
[[469  45]]
[[470  45]]
[[471  44]]
[[472  44]]
[[473  43]]
[[474  43]]
[[476  41]]
[[477  41]]
[[478  40]]
[[479  40]]
[[480  39]]
[[481  39]]
[[482  38]]
[[483  38]]
[[484  37]]
[[485  37]]
[[486  36]]
[[487  36]]
[[488  35]]
[[489  35]]
[[490  34]]
[[491  34]]
[[492  33]]
[[493  33]]
[[494  32]]
[[499  32]]
[[500  31]]
[[506  31]]
[[507  32]]
[[508  31]]
[[521  31]]
[[522  32]]
[[523  31]]
[[524  31]]
[[525  32]]
[[528  32]]
[[529  33]]
[[531  33]]
[[532  34]]
[[532  35]]
[[533  36]]
[[534  36]]
[[536  38]]
[[536  39]]
[[537  40]]
[[539  40]]
[[540  41]]
[[540  43]]
[[541  44]]
[[541  46]]
[[542  47]]
[[542  51]]
[[543  52]]
[[543  54]]
[[542  55]]
[[542  57]]
[[543  58]]
[[542  59]]
[[542  65]]
[[541  66]]
[[541  77]]
[[540  78]]
[[540 100]]
[[539 101]]
[[539 102]]
[[540 103]]
[[540 110]]
[[541 111]]
[[541 112]]
[[540 113]]
[[540 114]]
[[541 115]]
[[541 117]]
[[542 118]]
[[542 133]]
[[543 134]]
[[543 139]]
[[544 140]]
[[544 148]]
[[545 149]]
[[545 156]]
[[544 157]]
[[544 161]]
[[543 162]]
[[543 170]]
[[544 171]]
[[543 172]]
[[543 175]]
[[542 176]]
[[542 177]]
[[541 178]]
[[541 179]]
[[539 181]]
[[539 183]]
[[538 184]]
[[538 185]]
[[536 187]]
[[536 189]]
[[535 190]]
[[535 191]]
[[534 192]]
[[534 193]]
[[533 194]]
[[532 194]]
[[532 195]]
[[531 196]]
[[530 196]]
[[530 197]]
[[529 198]]
[[528 198]]
[[525 201]]
[[524 201]]
[[520 205]]
[[519 205]]
[[517 207]]
[[516 207]]
[[514 209]]
[[511 209]]
[[510 210]]
[[509 210]]
[[508 211]]
[[506 211]]
[[505 212]]
[[504 212]]
[[503 213]]
[[504 214]]
[[504 217]]
[[503 218]]
[[502 218]]
[[502 221]]
[[501 222]]
[[502 223]]
[[501 224]]
[[502 225]]
[[501 226]]
[[501 227]]
[[500 228]]
[[501 229]]
[[501 233]]
[[500 234]]
[[500 236]]
[[499 237]]
[[499 240]]
[[500 241]]
[[501 241]]
[[502 240]]
[[504 242]]
[[503 243]]
[[501 243]]
[[502 244]]
[[502 246]]
[[503 247]]
[[503 248]]
[[502 249]]
[[502 250]]
[[501 251]]
[[501 253]]
[[502 254]]
[[501 255]]
[[501 258]]
[[500 259]]
[[500 261]]
[[499 262]]
[[499 263]]
[[497 265]]
[[496 265]]
[[497 266]]
[[497 267]]
[[496 268]]
[[495 268]]
[[496 269]]
[[495 270]]
[[496 271]]
[[496 272]]
[[495 273]]
[[493 273]]
[[495 275]]
[[494 276]]
[[494 277]]
[[491 280]]
[[491 282]]
[[490 283]]
[[502 295]]
[[503 295]]
[[505 297]]
[[506 297]]
[[507 298]]
[[508 298]]
[[509 299]]
[[509 302]]
[[507 304]]
[[507 305]]
[[504 308]]
[[505 308]]
[[506 309]]
[[506 308]]
[[507 307]]
[[508 307]]
[[510 305]]
[[511 305]]
[[512 306]]
[[512 309]]
[[513 308]]
[[514 309]]
[[514 312]]
[[515 313]]
[[515 315]]
[[516 316]]
[[516 324]]
[[515 325]]
[[515 326]]
[[511 330]]
[[510 330]]
[[509 331]]
[[508 331]]
[[505 334]]
[[504 334]]
[[504 335]]
[[500 339]]
[[500 340]]
[[499 341]]
[[499 346]]
[[500 347]]
[[500 348]]
[[499 349]]
[[499 350]]
[[498 351]]
[[498 352]]
[[497 353]]
[[495 353]]
[[494 354]]
[[495 354]]
[[496 355]]
[[494 357]]
[[493 356]]
[[492 357]]
[[490 357]]
[[489 356]]
[[489 355]]
[[488 355]]
[[487 356]]
[[486 356]]
[[485 357]]
[[483 355]]
[[481 355]]
[[480 354]]
[[480 353]]
[[479 353]]
[[478 352]]
[[474 352]]
[[473 353]]
[[472 352]]
[[472 353]]
[[468 357]]
[[467 357]]
[[466 358]]
[[464 356]]
[[463 356]]
[[462 355]]
[[461 355]]
[[460 354]]
[[460 353]]
[[459 352]]
[[459 350]]
[[458 349]]
[[458 346]]
[[456 344]]
[[455 344]]
[[454 345]]
[[452 345]]
[[450 343]]
[[449 343]]
[[448 344]]
[[447 343]]
[[446 344]]
[[447 345]]
[[446 346]]
[[445 346]]
[[444 347]]
[[443 346]]
[[442 346]]
[[440 344]]
[[439 344]]
[[437 342]]
[[437 341]]
[[436 340]]
[[436 338]]
[[434 336]]
[[434 334]]
[[433 333]]
[[432 333]]
[[430 331]]
[[430 330]]
[[429 329]]
[[429 328]]
[[427 328]]
[[424 325]]
[[424 326]]
[[423 327]]
[[422 326]]
[[422 325]]
[[421 325]]
[[420 324]]
[[420 323]]
[[419 322]]
[[418 323]]
[[416 321]]
[[416 320]]
[[414 320]]
[[412 318]]
[[412 317]]
[[411 317]]
[[408 314]]
[[407 314]]
[[405 312]]
[[404 312]]
[[403 311]]
[[403 308]]
[[401 306]]
[[399 306]]
[[397 304]]
[[397 303]]
[[395 301]]
[[389 301]]
[[387 303]]
[[386 302]]
[[385 302]]
[[384 301]]
[[384 300]]
[[383 300]]
[[380 297]]
[[379 297]]
[[378 296]]
[[377 296]]
[[375 294]]
[[375 293]]
[[374 293]]
[[370 289]]
[[369 289]]
[[367 287]]
[[367 286]]
[[366 285]]
[[366 284]]
[[365 283]]
[[365 282]]
[[364 281]]
[[362 281]]
[[360 279]]
[[360 277]]
[[353 270]]
[[352 270]]
[[351 269]]
[[348 269]]
[[348 270]]
[[347 271]]
[[347 279]]
[[346 280]]
[[346 283]]
[[345 284]]
[[344 283]]
[[344 282]]
[[343 281]]
[[339 281]]
[[337 279]]
[[337 276]]
[[336 275]]
[[335 276]]
[[334 276]]
[[334 277]]
[[330 281]]
[[330 282]]
[[329 283]]
[[328 283]]
[[328 284]]
[[327 285]]
[[327 286]]
[[325 288]]
[[324 288]]
[[324 289]]
[[322 291]]
[[322 292]]
[[321 293]]
[[321 294]]
[[318 297]]
[[318 298]]
[[316 300]]
[[316 301]]
[[315 302]]
[[314 302]]
[[313 303]]
[[312 303]]
[[309 306]]
[[308 306]]
[[308 307]]
[[305 310]]
[[303 310]]
[[303 311]]
[[302 312]]
[[301 312]]
[[301 313]]
[[300 314]]
[[298 314]]
[[298 316]]
[[296 318]]
[[294 318]]
[[291 321]]
[[291 322]]
[[289 324]]
[[288 324]]
[[287 325]]
[[286 325]]
[[286 326]]
[[285 327]]
[[285 328]]
[[283 330]]
[[282 330]]
[[281 331]]
[[281 332]]
[[278 335]]
[[277 335]]
[[276 336]]
[[275 336]]
[[273 338]]
[[273 339]]
[[272 340]]
[[270 340]]
[[270 341]]
[[267 344]]
[[267 345]]
[[266 346]]
[[266 347]]
[[265 348]]
[[265 349]]
[[264 350]]
[[264 352]]
[[263 353]]
[[264 354]]
[[263 355]]
[[263 356]]
[[262 357]]
[[261 357]]
[[259 359]]
[[258 358]]
[[258 360]]
[[257 361]]
[[256 361]]
[[255 360]]
[[255 358]]
[[254 358]]
[[253 357]]
[[252 358]]
[[250 358]]
[[250 359]]
[[248 361]]
[[244 361]]
[[244 362]]
[[243 363]]
[[242 363]]
[[242 364]]
[[243 365]]
[[243 366]]
[[242 367]]
[[242 368]]
[[243 369]]
[[242 370]]
[[242 371]]
[[241 372]]
[[240 372]]
[[238 374]]
[[237 374]]
[[236 375]]
[[234 375]]
[[233 374]]
[[231 374]]
[[228 371]]
[[226 371]]
[[225 370]]
[[224 370]]
[[223 371]]
[[224 372]]
[[223 373]]
[[222 373]]
[[221 372]]
[[221 373]]
[[219 375]]
[[218 375]]
[[218 376]]
[[214 380]]
[[213 379]]
[[212 379]]
[[211 380]]
[[210 379]]
[[209 379]]
[[208 380]]
[[206 380]]
[[205 379]]
[[205 378]]
[[204 379]]
[[203 379]]
[[202 378]]
[[203 377]]
[[203 376]]
[[201 376]]
[[199 374]]
[[199 372]]
[[198 371]]
[[198 368]]
[[197 367]]
[[198 366]]
[[197 365]]
[[197 363]]
[[195 361]]
[[194 361]]
[[191 358]]
[[190 358]]
[[188 356]]
[[187 356]]
[[185 354]]
[[182 354]]
[[178 350]]
[[178 349]]
[[177 348]]
[[177 347]]
[[176 346]]
[[176 345]]
[[175 344]]
[[175 343]]
[[174 342]]
[[174 341]]
[[173 340]]
[[173 339]]
[[167 333]]
[[166 333]]
[[155 322]]
[[155 321]]
[[154 320]]
[[154 318]]
[[153 317]]
[[153 316]]
[[152 315]]
[[152 313]]
[[151 312]]
[[151 311]]
[[150 310]]
[[150 309]]
[[149 308]]
[[149 307]]
[[142 300]]
[[142 299]]
[[140 297]]
[[140 295]]
[[139 294]]
[[139 293]]
[[138 292]]
[[138 287]]
[[137 286]]
[[137 283]]
[[136 282]]
[[136 279]]
[[135 278]]
[[136 277]]
[[136 276]]
[[135 276]]
[[134 275]]
[[134 274]]
[[133 273]]
[[133 271]]
[[132 270]]
[[132 268]]
[[131 267]]
[[131 258]]
[[133 256]]
[[134 256]]
[[136 254]]
[[137 254]]
[[138 253]]
[[139 253]]
[[140 252]]
[[142 252]]
[[143 251]]
[[146 251]]
[[147 250]]
[[149 250]]
[[150 249]]
[[151 249]]
[[152 248]]
[[153 248]]
[[154 247]]
[[155 247]]
[[156 246]]
[[158 246]]
[[159 245]]
[[160 245]]
[[157 242]]
[[156 242]]
[[155 243]]
[[154 243]]
[[153 242]]
[[152 242]]
[[151 243]]
[[150 243]]
[[149 242]]
[[149 241]]
[[144 241]]
[[143 240]]
[[141 240]]
[[140 241]]
[[136 241]]
[[135 240]]
[[135 237]]
[[136 236]]
[[135 235]]
[[136 234]]
[[136 232]]
[[137 231]]
[[137 230]]
[[141 226]]
[[142 226]]
[[148 220]]
[[148 219]]
[[149 218]]
[[150 218]]
[[152 216]]
[[152 215]]
[[153 214]]
[[155 214]]
[[156 213]]
[[158 213]]
[[158 212]]
[[157 212]]
[[156 211]]
[[154 211]]
[[151 208]]
[[150 208]]
[[149 207]]
[[148 207]]
[[147 206]]
[[147 205]]
[[146 204]]
[[146 203]]
[[144 203]]
[[143 202]]
[[143 201]]
[[142 201]]
[[141 200]]
[[141 198]]
[[139 196]]
[[139 195]]
[[138 194]]
[[138 193]]
[[137 192]]
[[137 191]]
[[136 190]]
[[136 189]]
[[135 188]]
[[135 187]]
[[133 185]]
[[133 183]]
[[132 182]]
[[132 179]]
[[131 178]]
[[131 169]]
[[130 168]]
[[130 165]]
[[129 164]]
[[129 144]]
[[130 143]]
[[130 134]]
[[129 133]]
[[129 130]]
[[130 129]]
[[130 128]]
[[129 127]]
[[129 125]]
[[130 124]]
[[130 112]]
[[131 111]]
[[131 105]]
[[130 104]]
[[130  96]]
[[131  95]]
[[130  94]]
[[131  93]]
[[131  89]]
[[130  88]]
[[130  86]]
[[131  85]]
[[130  84]]
[[130  79]]
[[129  78]]
[[129  75]]
[[128  74]]
[[128  69]]
[[127  68]]
[[127  52]]
[[128  51]]
[[128  47]]
[[132  43]]
[[133  43]]
[[137  39]]
[[138  39]]
[[139  38]]
[[140  38]]
[[142  36]]
[[144  36]]
[[145  35]]
[[147  35]]
[[148  34]]
[[150  34]]
[[151  33]]
[[152  33]]
[[153  32]]
[[157  32]]
[[158  31]]
